"시도별","시점",과채류:면적 (ha),과채류:생산량 (톤),수박:면적 (ha),수박:생산량 (톤),노지수박:면적 (ha),노지수박:10a당 생산량 (kg),노지수박:생산량 (톤),시설수박:면적 (ha),시설수박:10a당 생산량 (kg),시설수박:생산량 (톤),참외:면적 (ha),참외:생산량 (톤),노지참외:면적 (ha),노지참외:10a당 생산량 (kg),노지참외:생산량 (톤),시설참외:면적 (ha),시설참외:10a당 생산량 (kg),시설참외:생산량 (톤),딸기:면적 (ha),딸기:생산량 (톤),노지딸기:면적 (ha),노지딸기:10a당 생산량 (kg),노지딸기:생산량 (톤),시설딸기:면적 (ha),시설딸기:10a당 생산량 (kg),시설딸기:생산량 (톤),오이:면적 (ha),오이:생산량 (톤),노지오이:면적 (ha),노지오이:10a당 생산량 (kg),노지오이:생산량 (톤),시설오이:면적 (ha),시설오이:10a당 생산량 (kg),시설오이:생산량 (톤),호박:면적 (ha),호박:생산량 (톤),노지호박:면적 (ha),노지호박:10a당 생산량 (kg),노지호박:생산량 (톤),시설호박:면적 (ha),시설호박:10a당 생산량 (kg),시설호박:생산량 (톤),토마토:면적 (ha),토마토:생산량 (톤),노지토마토:면적 (ha),노지토마토:10a당 생산량 (kg),노지토마토:생산량 (톤),시설토마토:면적 (ha),시설토마토:10a당 생산량 (kg),시설토마토:생산량 (톤)
"계","1991",61915,1496121,30233,723997,22807,2259,515242,7426,2811,208755,8938,203480,3924,1711,67139,5014,2719,136341,6053,100518,2050,1206,24718,4003,1894,75800,8416,267146,3752,2417,90678,4664,3784,176468,5774,110606,4085,1760,71913,1689,2291,38693,2501,90374,569,2795,15902,1932,3855,74472
"계","1992",67014,1685673,35082,841630,25520,2223,567210,9562,2870,274420,8418,209834,3011,1732,52137,5407,2917,157697,6054,107990,1823,1396,25441,4231,1951,82549,7949,273041,2973,2537,75429,4976,3971,197612,6410,135740,4037,1968,79464,2373,2372,56276,3101,117438,678,3162,21440,2423,3962,95998
"계","1993",73091,1888927,36572,865127,24785,2137,529779,11787,2845,335348,9238,231521,2762,1745,48206,6476,2831,183315,7296,137351,2048,1245,25494,5248,2131,111857,8744,348547,3117,2535,79015,5627,4790,269532,7779,163099,4843,1801,87233,2936,2584,75866,3462,143282,516,3076,15873,2946,4325,127409
"계","1994",72052,1871886,34535,858025,19540,2218,433357,14995,2832,424668,10251,258067,2337,1648,38504,7914,2774,219563,7425,151263,1698,1322,22449,5727,2249,128814,8710,303436,2948,2453,72301,5762,4011,231135,7512,152392,5178,1825,94522,2334,2479,57870,3619,148703,598,3218,19245,3021,4285,129458
"계","1995",84846,2293724,45207,1120124,26230,2242,588022,18977,2804,532102,11999,331126,2254,1699,38288,9745,3005,292838,7394,168528,1193,1354,16151,6201,2457,152377,8548,337348,2600,2969,77206,5948,4374,260142,7080,159185,4124,1939,79962,2956,2680,79223,3927,177413,593,3218,19080,3334,4749,158333
"계","1996",75586,2083281,39270,866499,20518,1864,382387,18752,2582,484112,10679,291710,1481,1682,24911,9198,2901,266799,7143,170089,907,1437,13036,6236,2518,157053,7191,359708,2195,2747,60307,4996,5993,299401,7259,172332,4454,2050,91311,2805,2888,81021,4044,222943,216,3327,7187,3828,5636,215756
"계","1997",75636,2209373,40204,1005553,19576,1981,387865,20628,2994,617688,10395,294081,1196,1777,21258,9199,2966,272823,6303,151199,731,1439,10521,5572,2525,140678,6624,332877,1853,3057,56652,4771,5790,276225,7447,180779,4742,2121,100560,2705,2966,80219,4663,244884,323,3663,11830,4340,5370,233054
"계","1998",70199,2158934,33533,870282,14344,2203,315978,19189,2889,554304,10412,298664,1047,1805,18898,9365,2987,279766,6553,155521,600,1366,8197,5953,2475,147324,7894,408317,2172,3000,65151,5722,5997,343166,7701,194598,4430,1840,81529,3271,3457,113069,4106,231552,273,4044,11040,3833,5753,220512
"계","1999",72532,2335005,34499,936658,13200,1929,254628,21299,3202,682030,10859,319374,814,1914,15582,10045,3024,303792,6327,152481,579,1511,8749,5748,2501,143732,7692,418796,1728,3404,58815,5964,6036,359981,8145,216958,4286,2130,91289,3859,3257,125669,5010,290738,258,4166,10747,4752,5892,279991
"계","2000",68363,2406699,30451,922746,9499,2365,224695,20952,3332,698051,10203,332780,754,1778,13405,9449,3380,319375,7090,180501,535,1473,7878,6555,2633,172623,7269,453525,1426,3837,54717,5843,6825,398808,8434,240484,4516,2362,106660,3918,3416,133824,4916,276663,170,4256,7236,4746,5677,269427
"계","2001",63782,2375117,28451,948953,7951,2371,188548,20500,3709,760405,8655,270325,600,1929,11573,8055,3212,258752,7567,202966,348,1418,4935,7219,2743,198031,6969,451518,1557,4030,62744,5412,7184,388774,8792,295592,4694,2515,118070,4098,4332,177522,3348,205763,130,4255,5532,3218,6222,200231
"계","2002",61109,2263596,25873,839644,6133,2406,147545,19740,3506,692099,7968,247187,478,2053,9814,7490,3169,237373,7816,209938,365,1399,5108,7451,2749,204830,6886,463707,1392,4085,56858,5494,7405,406849,9035,276521,4921,2427,119411,4114,3819,157110,3531,226599,178,4558,8114,3353,6516,218485
"서울특별시","1991",136,4282,-,-,-,-,-,-,-,-,-,-,-,-,-,-,-,-,-,-,-,-,-,-,-,-,52,1560,5,2500,125,47,3053,1435,80,2600,21,1773,372,59,3777,2228,4,122,1,3400,34,3,2927,88
"서울특별시","1992",126,3417,3,71,3,2380,71,0,0,0,2,37,2,1828,37,0,0,0,0,0,0,0,0,0,0,0,26,458,1,2484,25,25,1730,433,81,2349,23,2158,496,58,3195,1853,14,502,3,3000,90,11,3742,412
"서울특별시","1993",182,4409,1,20,1,1960,20,0,0,0,3,47,3,1570,47,0,0,0,0,0,0,0,0,0,0,0,46,686,5,2481,124,41,1370,562,94,2574,19,1916,364,75,2946,2210,38,1082,1,2600,26,37,2855,1056
"서울특별시","1994",148,3384,2,38,2,1889,38,0,0,0,3,42,3,1416,42,0,0,0,0,0,0,0,0,0,0,0,37,617,2,2188,44,35,1636,573,89,2084,18,1815,327,71,2475,1757,17,603,3,2000,60,14,3875,543
"서울특별시","1995",158,4965,5,105,5,2094,105,0,0,0,24,362,24,1510,362,0,0,0,0,0,0,0,0,0,0,0,23,434,6,2200,132,17,1778,302,93,3769,11,2143,236,82,4309,3533,13,295,2,3000,60,11,2139,235
"서울특별시","1996",129,3490,0,0,0,0,0,0,0,0,3,100,3,3333,100,0,0,0,0,0,0,0,0,0,0,0,11,234,0,0,0,11,2130,234,109,2988,30,2487,746,79,2838,2242,6,168,0,0,0,6,2800,168
"서울특별시","1997",66,1970,0,0,0,0,0,0,0,0,0,0,0,0,0,0,0,0,0,0,0,0,0,0,0,0,14,483,0,0,0,14,3452,483,48,1338,27,2141,578,21,3620,760,4,149,1,3164,32,3,3892,117
"서울특별시","1998",80,2609,0,0,0,0,0,0,0,0,0,0,0,0,0,0,0,0,2,26,1,940,9,1,1664,17,25,571,1,2746,27,24,2268,544,52,1993,14,1955,274,38,4524,1719,1,19,1,1944,19,0,0,0
"서울특별시","1999",114,1923,0,0,0,0,0,0,0,0,1,19,1,1893,19,0,0,0,0,0,0,0,0,0,0,0,29,724,28,2442,684,1,4030,40,81,1090,24,1987,477,57,1075,613,3,90,3,3000,90,0,0,0
"서울특별시","2000",52,1306,0,0,0,0,0,0,0,0,0,0,0,0,0,0,0,0,0,0,0,0,0,0,0,0,17,504,0,0,0,17,2962,504,33,743,16,1974,316,17,2509,427,2,59,2,2967,59,0,0,0
"서울특별시","2001",84,1776,0,0,0,0,0,0,0,0,0,0,0,0,0,0,0,0,0,0,0,0,0,0,0,0,21,631,1,3330,33,20,2990,598,59,1018,13,2300,299,46,1562,719,4,127,2,4192,84,2,2129,43
"서울특별시","2002",65,2986,0,0,0,0,0,0,0,0,0,0,0,0,0,0,0,0,0,0,0,0,0,0,0,0,29,1862,0,0,0,29,6420,1862,30,768,14,2117,296,16,2950,472,6,356,0,0,0,6,5938,356
"부산광역시","1991",499,11900,63,1699,59,2700,1593,4,2662,106,-,-,-,-,-,-,-,-,13,260,-,-,-,13,2003,260,137,3754,50,2911,1456,87,2641,2298,125,2827,87,2073,1804,38,2691,1023,161,3360,1,3000,30,160,2081,3330
"부산광역시","1992",614,16590,52,1361,23,2500,575,29,2711,786,1,24,0,0,0,1,2357,24,0,0,0,0,0,0,0,0,213,5525,53,2540,1346,160,2612,4179,136,2983,92,2268,2087,44,2037,896,212,6697,4,2268,91,208,3176,6606
"부산광역시","1993",472,13436,27,682,19,2500,475,8,2590,207,0,0,0,0,0,0,0,0,0,0,0,0,0,0,0,0,191,5109,22,3013,663,169,2631,4446,78,1998,36,2025,729,42,3021,1269,176,5647,11,3180,350,165,3210,5297
"부산광역시","1994",502,13007,36,902,13,2270,295,23,2640,607,0,0,0,0,0,0,0,0,1,21,0,0,0,1,2131,21,177,5011,16,2770,443,161,2837,4568,76,1767,22,1910,420,54,2494,1347,212,5306,2,2490,50,210,2503,5256
"부산광역시","1995",689,21519,117,3702,12,3726,447,105,3100,3255,1,23,0,0,0,1,2260,23,3,69,1,2345,23,2,2319,46,196,6211,12,2996,360,184,3180,5851,153,4029,37,2322,859,116,2733,3170,219,7485,16,2867,459,203,3461,7026
"부산광역시","1996",535,31925,30,819,13,2247,292,17,3100,527,18,424,3,1994,60,15,2429,364,1,16,1,1578,16,0,0,0,162,12855,28,6641,1859,134,8206,10996,84,2662,35,2808,983,49,3426,1679,240,15149,7,6385,447,233,6310,14702
"부산광역시","1997",583,32478,88,2188,18,2275,410,70,2540,1778,8,202,1,2335,23,7,2554,179,0,0,0,0,0,0,0,0,149,10876,46,6370,2930,103,7715,7946,71,1892,34,2420,823,37,2890,1069,267,17320,5,4485,224,262,6525,17096
"부산광역시","1998",658,33345,66,2490,8,1400,112,58,4100,2378,4,100,0,0,0,4,2502,100,0,0,0,0,0,0,0,0,149,9901,22,5900,1298,127,6774,8603,231,7752,171,2740,4685,60,5112,3067,208,13102,27,3800,1026,181,6672,12076
"부산광역시","1999",622,34643,64,2298,2,3000,60,62,3609,2238,7,146,2,1500,30,5,2327,116,2,48,2,2416,48,0,0,0,101,7645,20,3600,720,81,8549,6925,161,4549,56,1911,1070,105,3313,3479,287,19957,23,3724,857,264,7235,19100
"부산광역시","2000",520,29988,45,1583,0,0,0,45,3517,1583,10,244,0,0,0,10,2442,244,0,0,0,0,0,0,0,0,102,7297,19,3750,713,83,7933,6584,110,4424,42,2189,919,68,5154,3505,253,16440,4,5500,220,249,6514,16220
"부산광역시","2001",560,35526,30,1044,1,2473,25,29,3515,1019,6,122,6,2030,122,0,0,0,14,378,0,0,0,14,2700,378,111,8699,3,4500,135,108,7930,8564,134,8134,39,6240,2434,95,6000,5700,265,17149,3,6247,187,262,6474,16962
"부산광역시","2002",575,36969,29,995,2,2239,45,27,3520,950,0,0,0,0,0,0,0,0,0,0,0,0,0,0,0,0,105,8297,1,4962,50,104,7930,8247,192,11565,20,3858,772,172,6275,10793,249,16112,13,6897,897,236,6447,15215
"대구광역시","1991",493,12510,21,638,4,2204,88,17,3236,550,1,17,1,1708,17,-,-,-,15,242,15,1612,242,-,-,-,49,1220,30,2442,733,19,2563,487,193,3976,169,2046,3458,24,2157,518,214,6417,13,2975,387,201,3000,6030
"대구광역시","1992",312,8376,17,565,1,2300,23,16,3386,542,0,0,0,0,0,0,0,0,8,132,8,1650,132,0,0,0,34,835,22,2430,535,12,2504,300,96,1879,11,2000,220,85,1952,1659,157,4965,10,2920,292,147,3179,4673
"대구광역시","1993",242,6492,39,1040,4,2315,93,35,2706,947,0,0,0,0,0,0,0,0,6,99,6,1650,99,0,0,0,48,1154,23,2360,543,25,2442,611,43,861,18,2060,371,25,1961,490,106,3338,8,2930,234,98,3167,3104
"대구광역시","1994",372,7968,26,425,0,0,0,26,1636,425,43,1290,0,0,0,43,3000,1290,6,99,6,1650,99,0,0,0,34,723,11,2230,245,23,2077,478,64,1177,19,1883,358,45,1821,819,199,4254,22,2673,588,177,2071,3666
"대구광역시","1995",984,35458,263,8782,0,0,0,263,3339,8782,446,9545,13,2843,370,433,2119,9175,0,0,0,0,0,0,0,0,118,3882,9,2740,247,109,3335,3635,171,3273,31,1920,595,140,1913,2678,240,9976,38,5828,2215,202,3842,7761
"대구광역시","1996",820,25619,272,8562,1,3075,31,271,3148,8531,252,7386,0,0,0,252,2931,7386,0,0,0,0,0,0,0,0,38,1077,2,2471,49,36,2856,1028,74,1519,40,1965,786,34,2155,733,184,7075,0,0,0,184,3845,7075
"대구광역시","1997",738,21229,252,6491,6,2594,156,246,2575,6335,208,5990,0,0,0,208,2880,5990,0,0,0,0,0,0,0,0,28,1025,0,0,0,28,3662,1025,104,2171,52,2191,1139,52,1985,1032,146,5552,2,4356,87,144,3795,5465
"대구광역시","1998",718,21583,240,7591,2,2222,44,238,3171,7547,207,6058,6,1895,114,201,2957,5944,0,0,0,0,0,0,0,0,27,743,0,0,0,27,2752,743,93,2007,43,2343,1007,50,2000,1000,151,5184,5,5186,259,146,3373,4925
"대구광역시","1999",728,32472,238,8132,0,0,0,238,3417,8132,218,5857,1,2002,20,217,2690,5837,0,0,0,0,0,0,0,0,40,4541,8,1901,152,32,13717,4389,105,2939,55,1551,853,50,4171,2086,127,11003,7,5388,377,120,8855,10626
"대구광역시","2000",709,28410,284,8744,11,2405,265,273,3106,8479,195,5290,7,2416,169,188,2724,5121,0,0,0,0,0,0,0,0,34,4296,0,0,0,34,12634,4296,97,3355,47,2282,1073,50,4563,2282,99,6725,1,4134,41,98,6820,6684
"대구광역시","2001",642,34110,266,10627,0,0,0,266,3995,10627,138,5346,0,0,0,138,3874,5346,0,0,0,0,0,0,0,0,41,4789,0,0,0,41,11681,4789,81,2944,31,2890,896,50,4095,2048,116,10404,1,6802,68,115,8988,10336
"대구광역시","2002",623,28791,240,8035,0,0,0,240,3348,8035,107,3047,0,0,0,107,2848,3047,0,0,0,0,0,0,0,0,44,4200,2,3790,76,42,9820,4124,108,4506,29,2190,635,79,4900,3871,124,9003,5,6650,333,119,7286,8670
"인천광역시","1991",101,1713,8,191,8,2389,191,-,-,-,10,184,10,1836,184,-,-,-,10,103,9,1010,91,1,1195,12,18,435,11,2823,311,7,1769,124,21,349,21,1663,349,-,-,-,34,451,5,2093,105,29,1193,346
"인천광역시","1992",114,2135,7,163,5,2380,119,2,2217,44,13,250,10,1828,183,3,2236,67,4,42,4,1041,42,0,0,0,16,361,5,2867,143,11,1983,218,51,832,40,1630,652,11,1636,180,23,487,3,2083,62,20,2127,425
"인천광역시","1993",133,3446,16,313,14,1926,270,2,2146,43,12,180,12,1500,180,0,0,0,14,155,12,1050,126,2,1425,29,18,863,5,2419,121,13,5708,742,47,969,36,1598,575,11,3579,394,26,966,3,2179,65,23,3919,901
"인천광역시","1994",98,2203,7,122,6,1667,100,1,2237,22,6,99,6,1658,99,0,0,0,5,46,5,913,46,0,0,0,8,276,5,2447,122,3,5130,154,51,890,44,1516,667,7,3182,223,21,770,4,3417,137,17,3724,633
"인천광역시","1995",322,7714,22,396,20,1755,351,2,2232,45,42,623,40,1459,584,2,1935,39,35,438,23,719,165,12,2271,273,113,3541,32,2740,877,81,3289,2664,89,2189,76,1899,1443,13,5736,746,19,527,14,2609,365,5,3249,162
"인천광역시","1996",247,9461,23,472,11,2045,225,12,2061,247,31,510,30,1636,491,1,1897,19,12,104,12,870,104,0,0,0,102,6654,36,2880,1037,66,8511,5617,59,1009,58,1706,989,1,2017,20,20,712,15,3411,512,5,4000,200
"인천광역시","1997",281,10306,20,453,10,2578,258,10,1950,195,28,531,25,1860,465,3,2202,66,12,95,12,794,95,0,0,0,114,6715,47,3113,1463,67,7839,5252,75,1525,68,1988,1352,7,2470,173,32,987,15,3201,480,17,2984,507
"인천광역시","1998",287,14292,28,623,9,2114,190,19,2281,433,29,505,28,1715,480,1,2497,25,8,63,8,783,63,0,0,0,127,10972,23,3594,827,104,9755,10145,79,1507,75,1736,1302,4,5136,205,16,622,8,3564,285,8,4211,337
"인천광역시","1999",382,18637,40,827,16,2094,335,24,2049,492,39,669,36,1672,602,3,2232,67,20,254,11,995,109,9,1606,145,163,13816,20,3733,747,143,9139,13069,82,1467,72,1652,1189,10,2777,278,38,1604,14,3242,454,24,4791,1150
"인천광역시","2000",444,27109,16,374,10,2068,207,6,2775,167,32,644,27,1910,516,5,2551,128,16,159,10,994,99,6,1000,60,246,22821,18,5386,969,228,9584,21852,107,1934,85,1758,1494,22,2000,440,27,1177,10,3071,307,17,5117,870
"인천광역시","2001",451,20448,37,919,12,2200,264,25,2619,655,42,839,29,1995,579,13,2000,260,20,276,15,1002,150,5,2518,126,212,14471,22,5244,1154,190,7009,13317,92,1427,74,1624,1202,18,1250,225,48,2516,11,5763,634,37,5087,1882
"인천광역시","2002",479,25117,28,743,10,2092,209,18,2965,534,26,522,24,1982,476,2,2315,46,20,184,16,1000,160,4,603,24,281,18939,16,6028,964,265,6783,17975,81,2788,77,3401,2619,4,4213,169,43,1941,10,2939,294,33,4990,1647
"광주광역시","1991",1239,26929,802,15967,627,2010,12603,175,1922,3364,63,1114,53,1800,954,10,1604,160,26,432,2,1463,29,24,1680,403,71,2304,3,2545,76,68,3276,2228,161,3164,96,1900,1824,65,2062,1340,116,3948,17,3239,551,99,3431,3397
"광주광역시","1992",1377,31579,905,19129,675,2023,13655,230,2380,5474,37,696,32,1782,570,5,2516,126,44,811,8,1717,137,36,1873,674,94,3173,4,2670,107,90,3407,3066,195,4103,97,2011,1951,98,2196,2152,102,3667,19,3309,629,83,3660,3038
"광주광역시","1993",1559,36572,1154,25008,843,2000,16860,311,2620,8148,53,1240,14,1800,252,39,2533,988,12,177,6,1000,60,6,1948,117,86,3356,14,3135,439,72,4051,2917,153,3179,69,1800,1242,84,2306,1937,101,3612,3,3000,90,98,3594,3522
"광주광역시","1994",1805,41252,1278,25527,757,1900,14383,521,2139,11144,125,2904,56,1841,1031,69,2715,1873,7,108,7,1542,108,0,0,0,91,3536,1,2908,29,90,3897,3507,166,3500,67,1800,1206,99,2317,2294,138,5677,5,3000,150,133,4156,5527
"광주광역시","1995",1665,44769,1274,26607,812,1885,15306,462,2446,11301,142,3354,63,1912,1205,79,2720,2149,20,427,3,4476,134,17,1722,293,62,2485,1,2933,29,61,4026,2456,166,3909,30,2040,612,136,2424,3297,208,7987,0,0,0,208,3840,7987
"광주광역시","1996",2067,46268,1388,24193,757,962,7282,631,2680,16911,65,1743,5,1902,95,60,2746,1648,32,632,4,4500,180,28,1613,452,62,2798,1,3150,32,61,4534,2766,212,5226,18,2066,372,194,2502,4854,308,11676,0,0,0,308,3791,11676
"광주광역시","1997",1747,46854,1046,24877,517,2176,11250,529,2576,13627,48,1318,0,0,0,48,2746,1318,48,836,7,1433,100,41,1794,736,105,3586,0,0,0,105,3415,3586,205,5054,15,1952,293,190,2506,4761,295,11183,0,0,0,295,3791,11183
"광주광역시","1998",1620,72908,871,24898,395,2217,8757,476,3391,16141,16,453,5,2833,142,11,2831,311,50,1367,1,1475,15,49,2759,1352,139,10651,2,6600,132,137,7678,10519,310,19480,26,1935,503,284,6682,18977,234,16059,0,0,0,234,6863,16059
"광주광역시","1999",1709,41159,861,18032,402,2395,9628,459,1831,8404,49,1293,6,1983,119,43,2730,1174,55,1013,0,0,0,55,1842,1013,127,4053,2,7000,140,125,3130,3913,311,7814,10,1958,196,301,2531,7618,306,8954,0,0,0,306,2926,8954
"광주광역시","2000",1726,74518,912,30213,402,2880,11578,510,3654,18635,58,1989,3,2643,79,55,3472,1910,63,1690,0,0,0,63,2682,1690,70,6978,1,3500,35,69,10063,6943,320,14253,13,3587,466,307,4491,13787,303,19395,0,0,0,303,6401,19395
"광주광역시","2001",1665,79425,875,28671,427,2780,11871,448,3750,16800,37,1162,0,0,0,37,3140,1162,59,1640,0,0,0,59,2780,1640,79,8137,0,0,0,79,10300,8137,391,25403,18,3116,561,373,6660,24842,224,14412,0,0,0,224,6434,14412
"광주광역시","2002",1386,72908,642,21236,259,2580,6682,383,3800,14554,15,476,0,0,0,15,3175,476,54,1523,0,0,0,54,2820,1523,87,11249,0,0,0,87,12930,11249,409,25632,26,3130,814,383,6480,24818,179,12792,4,6500,260,175,7161,12532
"대전광역시","1991",286,5275,35,802,24,2247,539,11,2388,263,27,451,5,1566,78,22,1695,373,73,821,11,1083,119,62,1132,702,60,1488,25,2454,614,35,2498,874,80,1415,44,1718,756,36,1831,659,11,298,6,3000,180,5,2369,118
"대전광역시","1992",356,6819,92,2019,73,2140,1562,19,2404,457,32,423,1,1715,17,31,1310,406,65,739,5,1087,54,60,1141,685,48,1232,11,2688,296,37,2531,936,86,1579,37,1793,663,49,1869,916,33,827,7,2920,204,26,2395,623
"대전광역시","1993",298,5996,69,1864,47,2842,1336,22,2400,528,30,546,8,2012,161,22,1748,385,53,680,17,1200,204,36,1322,476,27,739,16,2850,456,11,2575,283,116,2076,51,1716,875,65,1847,1201,3,91,2,2953,59,1,3239,32
"대전광역시","1994",290,6024,19,447,17,2268,386,2,3036,61,87,1787,20,1475,295,67,2227,1492,42,575,12,1050,126,30,1496,449,58,1658,17,2634,448,41,2951,1210,82,1498,56,1836,1028,26,1809,470,2,59,2,2930,59,0,0,0
"대전광역시","1995",372,7763,96,2448,46,2199,1012,50,2872,1436,67,906,12,1776,213,55,1260,693,42,528,2,1170,23,40,1263,505,64,1990,16,2726,436,48,3237,1554,84,1601,48,1917,920,36,1893,681,8,290,3,3035,91,5,3974,199
"대전광역시","1996",310,8918,97,2735,47,2398,1127,50,3215,1608,58,1454,8,2097,168,50,2571,1286,20,401,0,0,0,20,2005,401,41,1777,17,3173,539,24,5159,1238,69,1428,43,2158,928,26,1924,500,25,1123,6,3113,187,19,4925,936
"대전광역시","1997",317,11037,80,2314,35,2333,817,45,3327,1497,44,1044,1,2671,27,43,2365,1017,29,424,0,0,0,29,1461,424,85,4692,17,3470,590,68,6033,4102,40,919,25,2466,617,15,2016,302,39,1644,9,3201,288,30,4520,1356
"대전광역시","1998",403,19172,97,3402,41,2753,1129,56,4059,2273,18,518,0,0,0,18,2880,518,38,892,1,1489,15,37,2370,877,113,8943,24,5920,1421,89,8452,7522,81,2736,25,2027,507,56,3980,2229,56,2681,5,4110,206,51,4852,2475
"대전광역시","1999",347,17271,71,2446,20,2335,467,51,3881,1979,45,1495,1,2643,26,44,3338,1469,17,460,1,1325,13,16,2791,447,77,6735,0,0,0,77,8747,6735,86,2774,35,2165,758,51,3952,2016,51,3361,2,4550,91,49,6673,3270
"대전광역시","2000",336,19296,63,3016,8,2157,173,55,5169,2843,18,1169,0,0,0,18,6492,1169,44,1798,3,1295,39,41,4290,1759,89,8484,3,3384,102,86,9747,8382,104,3759,36,1965,707,68,4488,3052,18,1070,0,0,0,18,5944,1070
"대전광역시","2001",248,8262,31,1146,4,2971,119,27,3805,1027,1,29,0,0,0,1,2856,29,28,745,3,2479,74,25,2682,671,115,4197,1,5936,59,114,3630,4138,65,1681,33,3293,1087,32,1857,594,8,464,0,0,0,8,5800,464
"대전광역시","2002",241,11013,42,1504,3,3492,105,39,3586,1399,1,23,0,0,0,1,2349,23,40,1159,0,0,0,40,2897,1159,60,2119,0,0,0,60,3531,2119,51,1542,36,3558,1281,15,1738,261,47,4666,1,6801,68,46,9995,4598
"울산광역시","1998",237,8314,14,419,12,3212,385,2,1700,34,5,118,1,3643,36,4,2050,82,92,1886,29,1676,486,63,2223,1400,35,1559,8,3290,263,27,4800,1296,53,2446,49,4770,2337,4,2736,109,38,1886,15,2889,433,23,6319,1453
"울산광역시","1999",233,6877,6,174,6,2903,174,0,0,0,5,111,2,2050,41,3,2327,70,95,2162,52,1676,872,43,3000,1290,24,587,3,2500,75,21,2440,512,65,1703,54,2502,1351,11,3200,352,38,2140,14,5000,700,24,6000,1440
"울산광역시","2000",200,7810,10,365,8,3690,295,2,3500,70,3,66,1,2586,26,2,2000,40,92,2674,24,2640,634,68,3000,2040,23,1533,5,5450,273,18,7000,1260,39,1240,33,3030,1000,6,4000,240,33,1932,11,4820,530,22,6372,1402
"울산광역시","2001",142,5069,9,270,9,3000,270,0,0,0,1,28,1,2777,28,0,0,0,69,2012,13,2550,332,56,3000,1680,6,444,4,6200,248,2,9800,196,32,916,27,2800,756,5,3200,160,25,1399,15,5600,840,10,5593,559
"울산광역시","2002",132,5980,4,173,4,4326,173,0,0,0,1,34,1,3413,34,0,0,0,43,1210,16,3130,501,27,2627,709,20,1276,6,5747,345,14,6653,931,19,489,19,2572,489,0,0,0,45,2798,19,6179,1174,26,6248,1624
"경기도","1991",5919,119660,960,20672,879,2127,18696,81,2440,1976,1200,18502,1100,1525,16775,100,1727,1727,153,1680,153,1098,1680,-,-,-,1906,46744,1205,2412,29065,701,2522,17679,1418,23831,1200,1680,20160,218,1684,3671,282,8231,107,2828,3026,175,2974,5205
"경기도","1992",6718,138869,1272,26218,1159,2046,23713,113,2217,2505,1239,20042,1117,1550,17314,122,2236,2728,195,2089,194,1067,2070,1,1891,19,1995,50312,992,2454,24344,1003,2589,25968,1603,27198,1072,1591,17056,531,1910,10142,414,13010,152,2902,4411,262,3282,8599
"경기도","1993",6866,141266,1069,21131,973,1960,19071,96,2146,2060,1261,20223,1111,1570,17443,150,1853,2780,173,1900,171,1094,1871,2,1425,29,2028,49568,978,2380,23276,1050,2504,26292,1864,34231,984,1700,16728,880,1989,17503,471,14213,124,2840,3522,347,3081,10691
"경기도","1994",6285,127962,950,18342,836,1889,15792,114,2237,2550,1043,15659,876,1416,12404,167,1949,3255,144,1554,135,1031,1392,9,1797,162,2002,50670,911,2271,20689,1091,2748,29981,1802,30823,1317,1616,21283,485,1967,9540,344,10914,152,2917,4434,192,3375,6480
"경기도","1995",5979,123058,1116,23555,981,2094,20542,135,2232,3013,995,15866,797,1510,12035,198,1935,3831,91,952,91,1046,952,0,0,0,1679,43942,802,2427,19465,877,2791,24477,1482,26786,941,1695,15950,541,2003,10836,369,11957,142,2993,4250,227,3395,7707
"경기도","1996",4953,107817,923,18406,823,1986,16345,100,2061,2061,709,11075,592,1496,8856,117,1897,2219,56,663,47,969,455,9,2306,208,1656,41478,822,2405,19769,834,2603,21709,1297,26494,852,2262,19272,445,1623,7222,312,9701,68,3036,2064,244,3130,7637
"경기도","1997",4645,115678,847,16845,712,1996,14212,135,1950,2633,601,10782,449,1656,7435,152,2202,3347,46,601,39,1197,467,7,1919,134,1402,40634,613,2779,17035,789,2991,23599,1357,32889,979,2266,22184,378,2832,10705,392,13927,100,3368,3368,292,3616,10559
"경기도","1998",4941,111808,705,15016,579,2097,12142,126,2281,2874,580,10742,430,1627,6996,150,2497,3746,56,664,37,940,348,19,1664,316,1646,50233,677,2711,18353,969,3290,31880,1536,19703,1006,848,8531,530,2108,11172,418,15450,102,3508,3578,316,3757,11872
"경기도","1999",5049,127450,886,17982,719,2025,14560,167,2049,3422,517,10424,329,1893,6228,188,2232,4196,61,615,51,891,454,10,1606,161,1738,54324,488,2925,14274,1250,3204,40050,1514,31269,1018,1952,19871,496,2298,11398,333,12836,89,4193,3732,244,3731,9104
"경기도","2000",4478,112342,774,16953,626,2052,12846,148,2775,4107,441,8645,259,1545,4002,182,2551,4643,56,827,44,1095,482,12,2878,345,1421,42446,468,3038,14218,953,2962,28228,1541,33939,867,1964,17028,674,2509,16911,245,9532,70,4300,3010,175,3727,6522
"경기도","2001",4204,113335,669,15430,473,2177,10297,196,2619,5133,419,8544,267,1908,5094,152,2270,3450,62,1108,42,1437,604,20,2518,504,1356,42541,476,3330,15851,880,3033,26690,1503,38120,852,2055,17509,651,3166,20611,195,7592,40,4192,1677,155,3816,5915
"경기도","2002",3984,112229,605,15842,391,2429,9497,214,2965,6345,361,7576,226,1941,4387,135,2362,3189,65,1258,31,1164,361,34,2637,897,1276,41011,359,3661,13143,917,3039,27868,1439,37290,888,2501,22209,551,2737,15081,238,9252,50,4915,2458,188,3614,6794
"강원도","1991",2686,51805,316,6603,311,2091,6503,5,1991,100,96,1471,88,1524,1341,8,1626,130,183,1859,163,1007,1641,20,1089,218,1313,27213,447,2159,9651,866,2028,17562,657,11094,383,1636,6266,274,1762,4828,121,3565,84,2933,2464,37,2976,1101
"강원도","1992",2030,47446,340,7085,335,2074,6948,5,2740,137,82,1292,72,1545,1112,10,1804,180,81,913,65,1107,720,16,1205,193,697,19419,382,2307,8813,315,3367,10606,647,12344,445,1649,7338,202,2478,5006,183,6393,96,2858,2744,87,4194,3649
"강원도","1993",2396,51663,368,7412,354,1986,7030,14,2725,382,95,1561,78,1541,1202,17,2111,359,142,1425,97,907,880,45,1211,545,885,21874,446,2484,11079,439,2459,10795,682,11386,602,1652,9945,80,1801,1441,224,8005,85,3116,2649,139,3853,5356
"강원도","1994",2147,49653,251,5741,204,2155,4396,47,2861,1345,91,1362,68,1388,944,23,1819,418,146,1900,90,1134,1021,56,1569,879,795,19873,483,2391,11549,312,2668,8324,657,12380,507,1846,9359,150,2014,3021,207,8397,77,3453,2659,130,4414,5738
"강원도","1995",2628,75105,420,8580,379,1992,7550,41,2511,1030,135,2445,104,1699,1767,31,2186,678,128,1502,82,1138,933,46,1238,569,906,38922,392,4979,19518,514,3775,19404,657,12396,504,1778,8961,153,2245,3435,275,11260,78,3076,2399,197,4498,8861
"강원도","1996",1977,53907,255,5478,194,2015,3909,61,2572,1569,82,1387,67,1609,1078,15,2057,309,71,965,34,1229,418,37,1479,547,863,30468,358,2964,10611,505,3932,19857,612,11257,557,1849,10299,55,1742,958,94,4352,27,4109,1109,67,4840,3243
"강원도","1997",2059,60687,314,6967,234,2044,4783,80,2730,2184,77,1397,50,1739,870,27,1950,527,31,401,21,1248,262,10,1388,139,683,25183,271,3435,9309,412,3853,15874,664,14674,524,2187,11460,140,2296,3214,290,12065,34,4547,1546,256,4109,10519
"강원도","1998",2187,83447,305,7254,189,2047,3869,116,2918,3385,92,1673,78,1721,1342,14,2364,331,32,422,20,1207,241,12,1512,181,837,39467,363,3572,12966,474,5591,26501,702,20489,537,2221,11927,165,5189,8562,219,14142,30,4836,1451,189,6715,12691
"강원도","1999",2572,91788,340,9154,229,2559,5860,111,2968,3294,59,1058,44,1629,717,15,2276,341,31,437,18,1233,222,13,1650,215,904,40240,276,3726,10284,628,4770,29956,936,23692,635,2308,14656,301,3002,9036,302,17207,21,4328,909,281,5800,16298
"강원도","2000",2438,110942,223,5796,164,2512,4120,59,2841,1676,37,702,30,1861,558,7,2061,144,31,359,21,1173,246,10,1129,113,857,48516,226,4511,10195,631,6073,38321,997,37903,811,3441,27907,186,5374,9996,293,17666,8,4555,364,285,6071,17302
"강원도","2001",2558,122945,215,5914,181,2725,4932,34,2889,982,36,680,29,1771,514,7,2370,166,25,362,16,1125,180,9,2022,182,999,58389,333,4520,15052,666,6507,43337,1023,38732,864,3703,31994,159,4238,6738,260,18868,20,3808,762,240,7544,18106
"강원도","2002",2808,130522,193,5085,156,2535,3955,37,3054,1130,46,918,41,1885,773,5,2895,145,40,626,22,1170,257,18,2052,369,1113,68413,327,4437,14509,786,6858,53904,1146,35377,976,2870,28011,170,4333,7366,270,20103,4,4232,169,266,7494,19934
"충청북도","1991",3277,71259,1522,36796,1392,2448,34076,130,2092,2720,328,5855,307,1783,5474,21,1815,381,196,2352,84,1131,950,112,1252,1402,537,13153,381,2400,9144,156,2570,4009,606,10502,580,1716,9953,26,2111,549,88,2601,23,2969,683,65,2950,1918
"충청북도","1992",3571,78092,1939,44640,1783,2328,41508,156,2008,3132,331,5606,312,1676,5229,19,1984,377,168,2325,34,1163,395,134,1440,1930,463,11155,346,2422,8380,117,2372,2775,463,7958,423,1719,7271,40,1718,687,207,6408,47,3012,1416,160,3120,4992
"충청북도","1993",3428,75109,1752,38200,1552,2192,34020,200,2090,4180,244,4045,190,1577,2996,54,1943,1049,242,3381,85,1239,1053,157,1483,2328,510,12525,262,2345,6144,248,2573,6381,461,7874,424,1702,7216,37,1778,658,219,9084,19,2905,552,200,4266,8532
"충청북도","1994",3351,76434,1671,38252,1437,2271,32634,234,2401,5618,277,4763,192,1681,3228,85,1806,1535,195,2579,82,1190,976,113,1419,1603,579,15717,329,2388,7857,250,3144,7860,447,8021,373,1758,6557,74,1978,1464,182,7102,34,2662,905,148,4187,6197
"충청북도","1995",4291,100364,2552,59462,2242,2287,51275,310,2641,8187,242,4354,175,1712,2996,67,2027,1358,234,3583,70,1268,888,164,1643,2695,570,18400,318,2549,8106,252,4085,10294,456,8158,367,1782,6540,89,1818,1618,202,6407,23,2451,564,179,3264,5843
"충청북도","1996",3507,78756,2066,46028,1497,2148,32156,569,2438,13872,213,3499,174,1589,2765,39,1883,734,94,1593,19,1469,279,75,1752,1314,446,11799,320,2465,7888,126,3104,3911,533,10066,391,1802,7046,142,2127,3020,155,5771,28,3147,881,127,3850,4890
"충청북도","1997",3934,93267,2446,56840,1840,2272,41805,606,2481,15035,192,3395,138,1724,2379,54,1881,1016,104,1966,9,1462,132,95,1931,1834,422,12769,220,2613,5749,202,3475,7020,598,11342,440,1831,8056,158,2080,3286,172,6955,15,3306,496,157,4114,6459
"충청북도","1998",3465,89206,1933,51001,1446,2676,38695,487,2527,12306,135,2337,82,1645,1349,53,1864,988,107,1466,14,1312,184,93,1379,1282,550,15480,338,2263,7649,212,3694,7831,539,10692,359,1802,6469,180,2346,4223,201,8230,5,3753,188,196,4103,8042
"충청북도","1999",4020,119402,2394,65684,1422,2576,36631,972,2989,29053,130,2294,65,1673,1087,65,1857,1207,99,1266,11,1586,174,88,1241,1092,606,23902,324,3744,12131,282,4174,11771,546,15108,252,2170,5468,294,3279,9640,245,11148,9,3507,316,236,4590,10832
"충청북도","2000",3531,115262,1988,60562,1026,3028,31067,962,3066,29495,70,1350,44,1979,871,26,1843,479,92,1268,14,1340,188,78,1384,1080,534,23340,238,4675,11127,296,4126,12213,575,15027,257,2051,5271,318,3068,9756,272,13715,4,4930,197,268,5044,13518
"충청북도","2001",3493,119014,1929,54725,853,2683,22886,1076,2959,31839,56,1178,29,1912,554,27,2311,624,153,3832,6,1255,75,147,2556,3757,474,25288,298,4891,14575,176,6087,10713,717,25946,367,2144,7868,350,5165,18078,164,8045,2,4940,99,162,4905,7946
"충청북도","2002",3515,118358,1798,58985,709,2217,15719,1089,3973,43266,49,1080,18,1873,337,31,2396,743,209,3671,12,872,105,197,1810,3566,511,22294,277,4382,12138,234,4340,10156,762,20747,376,2091,7862,386,3338,12885,186,11581,1,2982,30,185,6244,11551
"충청남도","1991",7200,187428,3353,92891,2579,2564,66126,774,3458,26765,822,14494,602,1649,9927,220,2076,4567,1441,24605,403,1338,5392,1038,1851,19213,827,27574,500,2823,14115,327,4116,13459,410,8100,320,1843,5898,90,2447,2202,347,19764,42,3297,1385,305,6026,18379
"충청남도","1992",7769,195982,4007,102342,3024,2309,69824,983,3308,32518,623,11744,430,1698,7301,193,2302,4443,1628,27782,502,1322,6636,1126,1878,21146,738,24842,423,2678,11328,315,4290,13514,417,8444,312,1896,5916,105,2408,2528,356,20828,43,3308,1422,313,6200,19406
"충청남도","1993",8632,239335,4042,109513,2692,2346,63154,1350,3434,46359,588,11683,368,1730,6366,220,2417,5317,2006,39384,582,1460,8497,1424,2169,30887,1057,42633,519,2908,15093,538,5119,27540,572,11937,449,1976,8872,123,2492,3065,367,24185,28,4628,1296,339,6752,22889
"충청남도","1994",8895,247680,4179,117930,2077,2410,50056,2102,3229,67874,720,16430,284,1700,4828,436,2661,11602,2103,46252,396,1649,6530,1707,2327,39722,862,33584,436,2451,10686,426,5375,22898,760,16265,471,1904,8968,289,2525,7297,271,17219,31,4936,1530,240,6537,15689
"충청남도","1995",9711,310009,5561,161770,2372,2542,60296,3189,3182,101474,714,18098,268,1792,4803,446,2981,13295,1472,37235,212,940,1993,1260,2797,35242,1019,51268,426,2892,12320,593,6568,38948,467,11104,276,2046,5647,191,2857,5457,438,30534,46,4885,2247,392,7216,28287
"충청남도","1996",9213,323817,5196,164761,1874,2600,48724,3322,3493,116037,507,11500,188,1848,3474,319,2516,8026,1431,34546,192,1660,3187,1239,2531,31359,921,58546,201,3247,6526,720,7225,52020,583,14132,344,1985,6828,239,3056,7304,575,40332,4,3361,134,571,7040,40198
"충청남도","1997",9455,341954,5512,180884,1875,2602,48788,3637,3632,132096,482,10909,178,1741,3099,304,2569,7810,1410,34297,85,1597,1357,1325,2486,32940,907,59567,198,3329,6591,709,7472,52976,511,12241,351,2103,7382,160,3037,4859,633,44056,13,4903,637,620,7003,43419
"충청남도","1998",8928,331035,4863,157457,1321,2602,34372,3542,3475,123085,413,9473,144,1740,2506,269,2590,6967,1419,33673,51,1597,814,1368,2402,32859,1118,70596,221,3329,7357,897,7050,63239,509,12693,241,2102,5066,268,2846,7627,606,47143,7,4903,343,599,7813,46800
"충청남도","1999",9845,414979,5591,212151,1189,2645,31449,4402,4105,180702,367,10530,105,2603,2733,262,2976,7797,1575,42062,19,1982,377,1556,2679,41685,1027,70530,151,3976,6004,876,7366,64526,433,11042,197,3215,6334,236,1995,4708,852,68664,9,5457,491,843,8087,68173
"충청남도","2000",9682,412714,4733,201580,810,2414,19553,3923,4640,182027,360,9835,73,2025,1478,287,2912,8357,1992,54416,51,1998,1019,1941,2751,53397,938,63875,75,4344,3258,863,7024,60617,681,20978,235,2322,5457,446,3480,15521,978,62030,7,5295,371,971,6350,61659
"충청남도","2001",9041,385740,4552,197767,671,1410,9461,3881,4852,188306,127,2858,81,2041,1653,46,2620,1205,1959,56507,27,1558,421,1932,2903,56086,960,64911,73,2868,2094,887,7082,62817,824,24384,319,2439,7780,505,3288,16604,619,39313,0,0,0,619,6351,39313
"충청남도","2002",9174,354994,4462,163224,441,2957,13040,4021,3735,150184,160,3674,59,2207,1302,101,2349,2372,2257,60918,29,1475,428,2228,2715,60490,890,67146,87,3294,2866,803,8005,64280,812,20920,335,2312,7745,477,2762,13175,593,39112,13,3591,467,580,6663,38645
"전라북도","1991",6413,135967,4692,102278,4251,2213,94075,441,1860,8203,394,7166,137,1749,2396,257,1856,4770,427,5180,66,1142,754,361,1226,4426,479,10737,221,2121,4687,258,2345,6050,277,6149,222,2170,4817,55,2421,1332,144,4457,61,2784,1698,83,3324,2759
"전라북도","1992",6980,153722,5460,119727,5089,2211,112518,371,1943,7209,269,5282,120,1868,2242,149,2040,3040,429,6282,50,1216,608,379,1497,5674,426,11621,165,2543,4196,261,2845,7425,254,5644,218,2176,4744,36,2500,900,142,5166,14,3208,449,128,3685,4717
"전라북도","1993",7428,147945,5515,106817,4758,1926,91639,757,2005,15178,433,8299,113,1706,1928,320,1991,6371,566,8428,43,1296,557,523,1505,7871,490,12597,207,2285,4730,283,2780,7867,260,5570,203,2071,4204,57,2396,1366,164,6234,27,2749,742,137,4009,5492
"전라북도","1994",6971,150382,4758,100849,3813,2144,81751,945,2021,19098,732,14443,95,1753,1665,637,2006,12778,536,8162,49,1462,716,487,1529,7446,426,12044,105,2491,2616,321,2937,9428,318,6080,283,1856,5252,35,2366,828,201,8804,10,4744,474,191,4361,8330
"전라북도","1995",9063,201334,6486,138807,5157,2119,109277,1329,2222,29530,968,21910,127,1743,2214,841,2342,19696,449,7412,52,1534,798,397,1666,6614,444,14114,143,2623,3751,301,3443,10363,481,10909,281,2029,5701,200,2604,5208,214,8182,17,4833,822,197,3736,7360
"전라북도","1996",8587,213079,6554,158247,5291,2169,114762,1263,3443,43485,553,9326,26,2445,636,527,1649,8690,505,12721,25,1578,395,480,2568,12326,340,13488,96,3108,2984,244,4305,10504,468,11595,268,2131,5711,200,2942,5884,167,7702,4,4503,180,163,4615,7522
"전라북도","1997",8783,214317,6731,160496,5082,2075,105452,1649,3338,55044,704,13343,27,2105,568,677,1887,12775,391,9232,26,1533,399,365,2420,8833,268,10310,71,2836,2014,197,4211,8296,420,10007,238,1941,4620,182,2960,5387,269,10929,9,3940,355,260,4067,10574
"전라북도","1998",7411,182875,5205,121194,3466,2287,79267,1739,2411,41927,577,11146,40,1820,728,537,1940,10418,492,11419,8,1410,113,484,2336,11306,420,16312,85,2570,2185,335,4217,14127,417,10237,194,2105,4084,223,2759,6153,300,12567,6,4086,245,294,4191,12322
"전라북도","1999",7497,214772,4824,136682,2760,2198,60665,2064,3683,76017,792,17276,37,1904,704,755,2195,16572,444,8440,3,1435,43,441,1904,8397,565,25649,63,2713,1709,502,4769,23940,533,13376,292,2189,6392,241,2898,6984,339,13349,5,4263,213,334,3933,13136
"전라북도","2000",6484,184504,3721,100429,1857,2452,45534,1864,2945,54895,648,18574,23,2414,555,625,2883,18019,650,12378,52,1632,849,598,1928,11529,558,24535,98,3411,3343,460,4607,21192,546,14506,228,2255,5141,318,2945,9365,361,14082,2,4407,88,359,3898,13994
"전라북도","2001",5988,181130,3827,95941,1858,2437,45279,1969,2573,50662,428,12246,11,2649,291,417,2867,11955,604,13882,9,2192,197,595,2300,13685,443,35086,65,3763,2446,378,8635,32640,524,14833,263,2074,5455,261,3593,9378,162,9142,1,5697,57,161,5643,9085
"전라북도","2002",5191,186668,3232,110819,1033,2496,25784,2199,3867,85035,281,7888,4,2119,85,277,2817,7803,592,15782,22,1755,386,570,2701,15396,432,28195,61,3721,2270,371,6988,25925,489,14299,196,2041,4000,293,3515,10299,165,9685,4,4072,163,161,5914,9522
"전라남도","1991",10135,266486,5974,124422,5258,1995,104897,716,2727,19525,462,10344,331,1874,6203,131,3161,4141,1641,29054,672,1180,7930,969,2180,21124,1214,78079,105,2994,3144,1109,6757,74935,533,10423,313,1738,5440,220,2265,4983,311,14164,30,3122,937,281,4707,13227
"전라남도","1992",11689,315790,7246,153797,6246,2023,126357,1000,2744,27440,428,11028,235,1838,4319,193,3476,6709,1485,29122,532,1585,8432,953,2171,20690,1436,83474,95,3582,3403,1341,5971,80071,733,21846,474,3237,15343,259,2511,6503,361,16523,39,4205,1640,322,4622,14883
"전라남도","1993",12448,392637,7278,162152,6371,2135,136021,907,2881,26131,521,13418,247,1866,4609,274,3215,8809,1579,32742,612,1139,6971,967,2665,25771,1602,134393,112,3135,3511,1490,8784,130882,1048,27687,706,1811,12786,342,4357,14901,420,22245,32,2974,952,388,5488,21293
"전라남도","1994",12105,341023,6697,153668,5268,2110,111155,1429,2975,42513,535,14440,211,1873,3952,324,3237,10488,1721,39150,456,1173,5349,1265,2672,33801,1743,86986,134,2908,3897,1609,5164,83089,890,19049,618,1765,10908,272,2993,8141,519,27730,37,3077,1138,482,5517,26592
"전라남도","1995",14913,414479,9599,212418,7584,2075,157368,2015,2732,55050,702,19762,260,1799,4677,442,3413,15085,1415,35092,257,1412,3629,1158,2717,31463,1631,82961,67,3278,2196,1564,5164,80765,762,21106,425,2258,9597,337,3415,11509,745,43140,22,3477,765,723,5861,42375
"전라남도","1996",12323,333369,7251,80167,5823,874,50893,1428,2050,29274,487,14114,153,2019,3089,334,3301,11025,1522,38029,232,1540,3573,1290,2671,34456,1290,126865,39,3339,1302,1251,10037,125563,1024,26314,676,1957,13229,348,3760,13085,749,47880,2,3267,65,747,6401,47815
"전라남도","1997",11354,340679,6548,106360,4844,1044,50571,1704,3274,55789,492,13625,166,1755,2913,326,3286,10712,1172,29574,207,1397,2892,965,2765,26682,1191,112404,46,3981,1831,1145,9657,110573,1187,29752,929,2065,19184,258,4096,10568,764,48964,13,3798,494,751,6454,48470
"전라남도","1998",9215,312458,4802,89765,3047,1403,42749,1755,2679,47016,391,10628,133,2284,3038,258,2942,7590,1223,31195,199,1623,3230,1024,2731,27965,1216,113342,50,4024,2012,1166,9548,111330,925,24751,679,2095,14225,246,4279,10526,658,42777,11,4209,463,647,6540,42314
"전라남도","1999",8641,317375,4259,86175,2516,1432,36029,1743,2877,50146,310,8483,107,1770,1894,203,3246,6589,1248,32138,173,1756,3038,1075,2707,29100,968,103841,38,5154,1959,930,10955,101882,924,27760,559,2023,11309,365,4507,16451,932,58978,5,5427,271,927,6333,58707
"전라남도","2000",7976,352247,3403,79487,1680,1551,26057,1723,3101,53430,266,6661,96,1695,1627,170,2961,5034,1281,36615,154,1412,2174,1127,3056,34441,1322,143052,84,5027,4223,1238,11214,138829,861,24381,574,2238,12846,287,4019,11535,843,62051,7,3873,271,836,7390,61780
"전라남도","2001",7290,347992,3134,127093,1413,1895,26776,1721,5829,100317,234,6521,41,1853,760,193,2985,5761,1368,38216,79,1531,1209,1289,2871,37007,1043,111978,82,5101,4183,961,11217,107795,957,28597,652,2273,14820,305,4517,13777,554,35587,1,3972,40,553,6428,35547
"전라남도","2002",6869,315767,2695,85947,1009,2419,24408,1686,3650,61539,113,3717,24,3472,833,89,3240,2884,1448,38737,69,1780,1228,1379,2720,37509,1087,117560,76,5163,3924,1011,11240,113636,983,31705,725,2640,19140,258,4870,12565,543,38101,1,4650,47,542,7021,38054
"경상북도","1991",11323,303142,5195,138724,3417,2376,81188,1778,3236,57536,4543,127562,941,1862,17521,3602,3055,110041,322,5999,51,1156,590,271,1996,5409,603,15835,318,1910,6074,285,3425,9761,416,7269,298,1694,5048,118,1882,2221,244,7753,81,1951,1580,163,3787,6173
"경상북도","1992",11759,337215,5350,151274,3244,2465,79965,2106,3386,71309,4510,134180,552,2080,11482,3958,3100,122698,354,8081,55,1471,809,299,2432,7272,650,20484,288,2506,7217,362,3665,13267,485,8333,401,1696,6801,84,1824,1532,410,14863,124,3284,4072,286,3773,10791
"경상북도","1993",12384,351087,5160,146524,2876,2281,65602,2284,3543,80922,5007,148232,390,2197,8568,4617,3025,139664,439,10026,43,1325,570,396,2388,9456,625,19927,211,2457,5184,414,3561,14743,791,13366,543,1612,8753,248,1860,4613,362,13012,84,3054,2565,278,3758,10447
"경상북도","1994",12906,363269,4856,136652,2419,2112,51089,2437,3511,85563,5576,163181,373,1901,7091,5203,3000,156090,553,11790,91,1132,1030,462,2329,10760,674,21737,260,2418,6287,414,3732,15450,751,12819,664,1692,11235,87,1821,1584,496,17090,107,2924,3129,389,3589,13961
"경상북도","1995",14714,431557,6109,161418,3800,2445,92910,2309,2967,68508,6218,204948,223,1899,4235,5995,3348,200713,650,17336,43,1468,631,607,2752,16705,666,24324,191,2464,4706,475,4130,19618,690,11905,591,1705,10077,99,1846,1828,287,11626,81,2985,2418,206,4470,9208
"경상북도","1996",14037,407685,4832,130461,2673,2397,64072,2159,3075,66389,6817,208362,119,1678,1997,6698,3081,206365,611,14702,32,1578,505,579,2452,14197,681,24899,176,2498,4396,505,4060,20503,732,14024,660,1859,12269,72,2437,1755,364,15237,18,3262,587,346,4234,14650
"경상북도","1997",14508,444624,5505,159056,3005,2417,72631,2500,3457,86425,6705,211431,80,2353,1882,6625,3163,209549,477,14185,30,2300,690,447,3019,13495,700,22498,202,2642,5337,498,3446,17161,663,13066,548,1808,9908,115,2746,3158,458,24388,31,3616,1121,427,5449,23267
"경상북도","1998",14320,434435,4901,136335,2639,2263,59721,2262,3387,76614,6963,220589,28,2181,611,6935,3172,219978,578,15654,58,1483,860,520,2845,14794,809,31442,277,3075,8518,532,4309,22924,710,12917,560,1710,9576,150,2227,3341,359,17498,28,5219,1461,331,4845,16037
"경상북도","1999",14925,447619,5089,121072,2781,1648,45831,2308,3260,75241,7352,237578,21,2002,420,7331,3235,237158,438,10709,65,1515,985,373,2607,9724,710,35172,259,3576,9262,451,5745,25910,809,16258,626,1878,11756,183,2460,4502,527,26830,40,4032,1613,487,5178,25217
"경상북도","2000",14001,471901,4278,122271,1934,2405,46513,2344,3232,75758,6843,248899,43,2416,1039,6800,3645,247860,663,16496,49,1573,771,614,2561,15725,620,34456,153,3611,5525,467,6195,28931,1086,23143,856,2016,17257,230,2559,5886,511,26636,22,3801,836,489,5276,25800
"경상북도","2001",12753,422452,3738,114049,1642,2755,45237,2096,3283,68812,6234,208017,7,2288,160,6227,3338,207857,751,19034,38,1606,610,713,2584,18424,716,41975,176,3762,6621,540,6547,35354,948,21067,758,2022,15327,190,3021,5740,366,18310,24,3758,902,342,5090,17408
"경상북도","2002",12638,415412,3809,106318,1828,2164,39558,1981,3370,66760,5973,194210,16,3052,488,5957,3252,193722,735,20907,29,1686,489,706,2892,20418,610,47428,153,3731,5708,457,9129,41720,1055,21457,853,1809,15431,202,2983,6026,456,25092,32,3958,1267,424,5619,23825
"경상남도","1991",9858,245673,5522,140843,2262,2390,54062,3260,2662,86781,815,13311,176,1888,3323,639,1563,9988,1295,24826,172,1356,2332,1123,2003,22494,1036,33474,428,2545,10893,608,3714,22581,784,18682,319,1743,5560,465,2822,13122,406,14537,94,2862,2690,312,3797,11847
"경상남도","1992",11147,295706,6434,168827,1911,2418,46208,4523,2711,122619,737,17268,46,2133,981,691,2357,16287,1361,26671,146,1774,2590,1215,1982,24081,1025,37371,145,2899,4204,880,3769,33167,1137,29797,371,2308,8563,766,2772,21234,453,15772,115,3340,3841,338,3530,11931
"경상남도","1993",13984,364823,8105,203862,2312,2328,53823,5793,2590,150039,827,18879,69,2238,1544,758,2287,17335,1826,36532,138,1605,2215,1688,2033,34317,1021,38045,277,2580,7147,744,4153,30898,1453,37423,594,2147,12753,859,2872,24670,752,30082,87,3100,2697,665,4118,27385
"경상남도","1994",14203,388254,8535,223308,1504,2506,37690,7031,2640,185618,918,19848,66,2124,1402,852,2165,18446,1740,36292,152,1613,2452,1588,2131,33840,1088,45129,194,3226,6258,894,4348,38871,1217,33625,577,2520,14540,640,2982,19085,705,30052,111,3506,3892,594,4404,26160
"경상남도","1995",17083,466516,10423,280864,1731,2472,42790,8692,2739,238074,1231,27620,76,1996,1517,1155,2260,26103,2626,60936,149,2345,3494,2477,2319,57442,911,37857,144,2752,3963,767,4419,33894,1277,36930,460,2581,11873,817,3067,25057,555,22309,106,2099,2225,449,4473,20084
"경상남도","1996",15866,411221,9832,209830,966,2723,26304,8866,2070,183526,801,19326,30,1994,598,771,2429,18728,2569,63115,107,1578,1688,2462,2495,61427,548,25239,79,3529,2788,469,4787,22451,1377,43115,456,2489,11350,921,3449,31765,739,50596,37,2759,1021,702,7062,49575
"경상남도","1997",16021,443054,10091,262232,685,2553,17488,9406,2602,244744,756,19241,31,2335,724,725,2554,18517,2419,57866,131,1836,2405,2288,2424,55461,481,19694,67,3459,2318,414,4197,17376,1490,43653,500,2551,12755,990,3121,30898,784,40368,76,3555,2702,708,5320,37666
"경상남도","1998",14629,414272,8738,233074,433,3480,15068,8305,2625,218006,926,23351,16,3643,583,910,2502,22768,2319,55764,36,2193,789,2283,2408,54975,640,26499,53,2373,1258,587,4300,25241,1440,44739,430,2477,10651,1010,3375,34088,566,30845,23,4710,1083,543,5481,29762
"경상남도","1999",14640,433389,8931,248431,246,2417,5946,8685,2792,242485,934,21623,23,1845,424,911,2327,21199,2136,52082,67,2416,1619,2069,2439,50463,569,25706,25,2094,524,544,4629,25182,1507,55135,364,2505,9118,1143,4026,46017,563,30412,17,3724,633,546,5454,29779
"경상남도","2000",14600,427253,9150,267535,140,2530,3542,9010,2930,263993,1084,26486,10,2586,259,1074,2442,26227,2037,51288,40,2111,844,1997,2526,50444,417,20775,26,2532,658,391,5145,20117,1278,40123,358,2524,9036,920,3379,31087,634,21046,22,4283,942,612,3285,20104
"경상남도","2001",14091,483550,8793,285481,94,2385,2242,8699,3256,283239,810,21298,13,2777,361,797,2627,20937,2373,64180,18,1606,289,2355,2713,63891,380,29897,10,2084,208,370,8024,29689,1419,61976,361,2678,9668,1058,4944,52308,316,20718,10,1820,182,306,6711,20536
"경상남도","2002",12899,433091,7823,252698,18,2011,362,7805,3233,252336,770,22923,0,0,0,770,2977,22923,2219,63283,25,2052,513,2194,2861,62770,334,23458,20,3027,605,314,7278,22853,1389,46021,289,2454,7092,1100,3539,38929,364,24708,20,2329,466,344,7047,24242
"제주도","1991",2350,52092,1770,41471,1736,2339,40605,34,2546,866,177,3009,173,1703,2946,4,1563,63,258,3105,249,1192,2968,9,1521,137,114,3576,23,2565,590,91,3281,2986,13,225,12,1732,208,1,1667,17,18,706,4,3806,152,14,3954,554
"제주도","1992",2452,53935,1958,44412,1949,2266,44164,9,2750,248,114,1962,82,1646,1350,32,1914,612,232,3001,220,1280,2816,12,1543,185,88,2779,41,2663,1092,47,3589,1687,26,451,21,1728,363,5,1766,88,34,1330,2,3849,77,32,3915,1253
"제주도","1993",2639,54711,1977,40589,1969,2050,40365,8,2798,224,164,3168,159,1830,2910,5,5167,258,238,2422,236,1013,2391,2,1536,31,110,5078,20,2523,505,90,5081,4573,117,1968,109,1670,1820,8,1853,148,33,1486,2,3675,74,31,4554,1412
"제주도","1994",1974,53391,1270,35822,1187,2830,33592,83,2687,2230,95,1819,87,1750,1523,8,3700,296,226,2735,217,1200,2604,9,1453,131,136,5875,44,2570,1131,92,5157,4744,142,2414,142,1700,2414,0,0,0,105,4726,1,3990,40,104,4506,4686
"제주도","1995",1802,49114,1164,31210,1089,2644,28793,75,3223,2417,72,1310,72,1820,1310,0,0,0,229,3018,208,1196,2488,21,2524,530,146,7017,41,2684,1100,105,5635,5917,52,1121,46,2068,951,6,2836,170,135,5438,5,4000,200,130,4029,5238
"제주도","1996",1015,27949,551,16340,548,2968,16265,3,2489,75,83,1504,83,1812,1504,0,0,0,219,2602,202,1107,2236,17,2150,366,30,1531,20,2633,527,10,10037,1004,26,503,26,1933,503,0,0,0,106,5469,0,0,0,106,5159,5469
"제주도","1997",1145,31239,724,19550,713,2699,19244,11,2785,306,50,873,50,1746,873,0,0,0,164,1722,164,1050,1722,0,0,0,75,2441,55,2700,1485,20,4782,956,14,256,12,1743,209,2,2333,47,118,6397,0,0,0,118,5421,6397
"제주도","1998",1100,27175,765,19763,757,2573,19478,8,3565,285,56,973,56,1738,973,0,0,0,137,1030,137,752,1030,0,0,0,43,1606,28,3160,885,15,4804,721,24,456,21,1833,385,3,2364,71,75,3347,0,0,0,75,4463,3347
"제주도","1999",1208,15249,905,7418,892,784,6993,13,3268,425,34,518,34,1524,518,0,0,0,106,795,106,750,795,0,0,0,44,1331,23,650,150,21,5623,1181,52,982,37,1327,491,15,3273,491,67,4205,0,0,0,67,6276,4205
"제주도","2000",1186,31097,851,23838,823,2788,22945,28,3190,893,138,2226,138,1613,2226,0,0,0,73,533,73,730,533,0,0,0,21,617,12,650,78,9,5992,539,59,776,58,1279,742,1,3392,34,44,3107,0,0,0,44,7062,3107
"제주도","2001",572,14343,346,9876,313,2840,8889,33,2990,987,86,1457,86,1694,1457,0,0,0,82,794,82,968,794,0,0,0,13,85,13,657,85,0,0,0,23,414,23,1800,414,0,0,0,22,1717,0,0,0,22,7803,1717
"제주도","2002",530,12791,271,8040,270,2966,8008,1,3183,32,65,1099,65,1691,1099,0,0,0,94,680,94,723,680,0,0,0,7,260,7,3711,260,0,0,0,70,1415,62,1637,1015,8,5000,400,23,1297,1,2127,21,22,5801,1276
